
01 03 00 02 00 02 65CB
01 03 04 86 4F 40 FA 532F

64 10 01 38 00 02 04 00 00 00 00 1340
64 10 01 38 00 02 C80C
64 10 00 15 00 01 02 07 AD F04A
64 10 00 15 00 01 19F8
64 10 01 42 00 02 04 00 00 00 00 941B
64 10 01 42 00 02 E9D5 
64 03 00 03 00 02 3DFE
64 03 04 F4 38 01 31 BC8C
64 10 01 4C 00 02 04 00 00 00 00 1597
64 10 01 4C 00 02 88 16

01 03 00 04 00 02 85CA
01 03 04 04 38 41 AE CB22 

64 10 01 56 00 02 04 05 0E 41 AE 4407
64 10 01 56 00 02 A9D1 
64 04 00 16 00 01 D9FB
64 04 02 00 00 F538 
64 10 01 60 00 02 04 00 00 00 00 17DA
64 10 01 60 00 02 49DF
64 04 00 23 00 10 09F9
64 04 20 00 FA 00 00 00 00 00 00 00 00 D8 B9 D5 B1 00 00 00 00 00 00 00 00 00 00 00 00 00 00 00 00 00 00 69A1
64 10 01 6A 00 02 04 00 00 00 00 97A5
64 10 01 6A 00 02 69DD
64 03 00 5B 00 01 FC2C
64 03 02 00 00 F44C
64 10 01 74 00 02 04 00 00 00 00 1725
64 10 01 74 00 02 09DB

01 03 00 02 00 02 65CB
01 03 04 86 50 40 FA 62E9

64 04 00 16 00 01 D9FB
64 04 02 00 00 F538
64 10 00 16 00 01 02 07 AD F079
64 10 00 16 00 01 E9F8

01 03 00 02 00 02 65CB
01 03 04 86 50 40 FA 62E9

64 04 00 23 00 10 09F9 
64 04 20 00 FA 00 00 00 00 00 00 00 00 D8 B9 D5 B1 00 00 00 00 00 00 00 00 00 00 00 00 00 00 00 00 00 00 69A1
64 03 00 5B 00 01 FC2C
64 03 02 00 00 F44C
64 04 00 16 00 01 D9FB
64 04 02 00 00 F538
64 10 01 2D 00 01 02 00 4E A78B
64 10 01 2D 00 01 99C9

01 03 00 02 00 02 65CB
01 03 04 86 50 40 FA 62E9

64 10 01 37 00 01 02 00 4E A5B1
64 10 01 37 00 01 B80E
64 10 00 17 00 01 02 07 AD F1A8
64 10 00 17 00 01 B838
64 10 01 37 00 01 02 00 44 25B6
64 10 01 37 00 01 B80E
64 03 00 5B 00 01 FC2C
64 03 02 00 00 F44C
64 10 01 41 00 01 02 00 4E AEE7
64 10 01 41 00 01 59D4

02 03 00 02 00 02 65F8
02 03 00 02 00 02 65F8

64 04 00 23 00 10 09 F9
64 04 20 00 FA 00 00 00 00 00 00 00 00 D8 B9 D5 B1 00 00 00 00 00 00 00 00 00 00 00 00 00 00 00 00 00 00 69A1
64 10 01 41 00 01 02 00 44 2EE0
64 10 01 41 00 01 59D4
64 04 00 16 00 01 D9FB
64 04 02 00 00 F538
64 10 01 4B 00 01 02 00 4E AE4D
64 10 01 4B 00 01 79D6

01 03 00 02 00 02 65CB
01 03 04 86 7A 40 FA 4321

64 10 01 4B 00 01 02 00 44 2E4A
64 10 01 4B 00 01 79D6
64 10 00 18 00 01 02 07 AD F157
64 10 00 18 00 01 883B
64 10 01 55 00 01 02 00 4E ADF3
64 10 01 55 00 01 19 D0
64 03 00 5B 00 01 FC2C
64 03 02 00 00 F44C
64 10 01 5F 00 01 02 00 4E AD59
64 10 01 5F 00 01 39D2

04 03 00 02 00 02 659E
04 03 00 02 00 02 659E

64 04 00 23 00 10 09F9
64 04 20 00 FA 00 00 00 00 00 00 00 00 D8 B9 D5 B1 00 00 00 00 00 00 00 00 00 00 00 00 00 00 00 00 00 00 69A1
64 10 01 69 00 01 02 00 4E A8CF
64 10 01 69 00 01 D9DC
64 04 00 16 00 01 D9FB
64 04 02 00 00 F538
64 10 01 73 00 01 02 00 4D EAF4 
64 10 01 73 00 01 F81B

01 03 00 02 00 02 65CB
01 03 04 86 AD 40 FA F319

64 03 00 5B 00 01 FC2C
64 03 02 00 00 F44C
64 10 00 19 00 01 02 07 AD F086
64 10 00 19 00 01 D9FB
64 10 01 2C 00 01 02 00 02 A7AF
64 10 01 2C 00 01 C809

03 03 00 02 00 02 6429
03 03 00 02 00 02 6429

64 04 00 23 00 10 09F9
64 04 20 00 FA 00 00 00 00 00 00 00 00 D8 B9 D5 B1 00 00 00 00 00 00 00 00 00 00 00 00 00 00 00 00 00 00 69A1
64 10 01 36 00 01 02 00 03 6455 
64 10 01 36 00 01 E9CE
64 04 00 16 00 01 D9FB
64 04 02 00 00 F538
64 10 01 40 00 01 02 00 04 2EC1
64 10 01 40 00 01 0814
64 04 00 03 00 02 883E
64 04 04 00 6E 00 B6 2EE9
64 10 01 4A 00 01 02 00 05 EFAB
64 10 01 4A 00 01 2816
64 03 00 5B 00 01 FC2C
64 03 02 00 00 F44C
64 10 01 54 00 01 02 00 01 EDD6
64 10 01 54 00 01 4810

01 03 00 02 00 02 65CB
01 03 04 86 85 40 FA 7311

64 10 01 5E 00 01 02 00 10 2D70
64 10 01 5E 00 01 6812
64 10 00 15 00 01 02 07 AD F04A
64 10 00 15 00 01 19F8
64 10 01 68 00 01 02 00 11 E926
64 10 01 68 00 01 881C

01 03 00 04 00 02 85CA
01 03 04 04 CC 41 AE 8AD0

64 10 01 72 00 01 02 00 12 AB1D
64 10 01 72 00 01 A9DB
64 04 00 23 00 10 09F9
64 04 20 00 FA 00 00 00 00 00 00 00 00 D8 B9 D5 B1 00 00 00 00 00 00 00 00 00 00 00 00 00 00 00 00 00 00 69A1
64 10 01 2E 00 02 04 83 A1 40 FA 5B83
64 10 01 2E 00 02 29C8
64 04 00 16 00 01 D9FB
64 04 02 00 00 F538
64 10 01 38 00 02 04 00 00 00 00 1340
641001380002C80C
6403000300023DFE
640304F4380131BC8C6410014200020400000000941B641001420002E9D56403005B0001FC2C6403020000F44C6410014C0002040000000015976410014C00028816


01 03 00 02 00 02 65CB
01 03 04 86 7B 40 FA 12E1
64100156000204043841AEA5F5641001560002A9D16410001600010207ADF079641000160001E9F8641001600002040000000017DA64100160000249DF

01 03 00 02 00 02 65CB

01 03 04 86 7B 40 FA 12E1

6410016A0002040000000097A56410016A000269DD64040023001009F964042000FA0000000000000000D8B9D5B100000000000000000000000000000000000069A16410017400020400000000172564100174000209DB640400160001D9FB6404020000F5386403005B0001FC2C6403020000F44C
01 03 00 02 00 02 65CB
01 03 04 86 7B 40 FA 12E1

02 03 00 02 00 02 65F8
02 03 00 02 00 02 65F8

64040023001009F964042000FA0000000000000000D8B9D5B100000000000000000000000000000000000069A16410001700010207ADF1A8641000170001B8386403005B0001FC2C6403020000F44C640400160001D9FB6404020000F5386410012D000102004EA78B6410012D000199C96403005B0001FC2C6403020000F44C64100137000102004EA5B1641001370001B80E
04 03 00 02 00 02 659E
04 03 00 02 00 02 659E
64040023001009F964042000FA0000000000000000D8B9D5B100000000000000000000000000000000000069A164100137000102004425B6641001370001B80E
01 03 00 02 00 02 65CB
01 03 04 86 8C 40 FA A313
64100141000102004EAEE764100141000159D46410001800010207ADF157641000180001883B6410014100010200442EE064100141000159D4640400160001D9FB6404020000F5386410014B000102004EAE4D6410014B000179D66403005B0001FC2C6403020000F44C6410014B00010200442E4A6410014B000179D6

03 03 00 02 00 02 6429
03 03 00 02 00 02 6429
64040023001009F964042000FA0000000000000000D8B9D5B100000000000000000000000000000000000069A164100155000102004EADF364100155000119D0
01 03 00 02 00 02 65CB
01 03 04 86 85 40 FA 7311
6410015F000102004EAD596410015F000139D26410001900010207ADF086641000190001D9FB64100169000102004EA8CF641001690001D9DC640400160001D9FB6404020000F53864100173000102004DEAF4641001730001F81B6403005B0001FC2C6403020000F44C
01 03 00 04 00 02 85CA
01 03 04 04 CC 41 AE 8AD0
64040023001009F964042000FA0000000000000000D8B9D5B100000000000000000000000000000000000069A1
01 03 00 02 00 02 65CB
01 03 04 86 85 40 FA 7311
640400030002883E640404006E00B62EE96410001500010207ADF04A64100015000119F8640400160001D9FB6404020000F5386403005B0001FC2C6403020000F44C64040023001009F964042000FA0000000000000000D8B9D5B100000000000000000000000000000000000069A16403000300023DFE640304F4380131BC8C
01 03 00 02 00 02 65CB
01 03 04 86 8B 40 FA 12D2

01 03 00 02 00 02 65CB
01 03 04 86 8B 40 FA 12D2

6410001600010207ADF079641000160001E9F8640400160001D9FB6404020000F5386403005B0001FC2C6403020000F44C64040023001009F964042000FA0000000000000000D8B9D5B100000000000000000000000000000000000069A1

02 03 00 02 00 02 65F8
02 03 00 02 00 02 65F8
01 03 00 02 00 02 65CB
01 03 04 86 5B 40 FA 132B
640400160001D9FB6404020000F5386410001700010207ADF1A8641000170001B83864040023001009F964042000FA0000000000000000D8B9D5B100000000000000000000000000000000000069A16403005B0001FC2C6403020000F44C
04 03 00 02 00 02 659E
04 03 00 02 00 02 659E
640400160001D9FB6404020000F538

Buffer.from([0x41 ,0xAE,0x04,0xCC]).readFloatBE(0);